00000000001000001000000010110011
00000000001000001000000100110011
00000000001000001000000010110011
00000000001000001000000100110011
00000000001000001000000010110011
00000000001000001000000100110011
00000000001000001000000010110011
00000000001000001000000100110011
00000000001000001000000010110011
00000000001000001000000100110011
00000000001000001000000010110011
00000000001000001000000100110011
00000000001000001000000010110011
00000000001000001000000100110011
00000000001000001000000010110011
00000000001000001000000100110011
00000000001000001000000010110011
00000000001000001000000100110011
00000000001000001000000010110011
00000000001000001000000100110011
00000000001000001000000010110011
00000000001000001000000100110011
00000000001000001000000010110011
00000000001000001000000100110011
00000000001000001000000010110011
00000000001000001000000100110011
00000000001000001000000010110011
00000000001000001000000100110011
00000000001000001000000010110011
00000000001000001000000100110011
00000000001000001000000010110011
00000000001000001000000100110011